Parameter 0
Mouse s1 s2 s3 s1 s2 s3 s1 s2 s3 s1 s2 s3 s1 s2 s3 s1 s2 s3 s1 s2 s3 s1 s2 s3 s1 s2 s3 s1 s2 s3 s1 s2 s3 s1 s2 s3 s1 s2 s3 s1 s2 s3
2964 93 91 81 62 61 42 16 2 6 89 85 84 80 78 69 87 89 89 76 72 67 36 53 45 9 0 3 6 2 4 16 45 70 50 56 53 41 25 15 40 55 53 
2841 61 62 64 84 78 87 43 57 58 69 70 67 70 73 66 64 61 62 2 1 2 0 11 14 73 85 70 81 81 65 72 77 69 84 83 62 67 54 55 
2772 79 89 90 26 27 27 82 77 63 19 20 22 4 3 3 20 42 57 67 67 42 22 17 12 24 19 13 32 28 17 29 24 16 92 95 78 20 18 12 92 93 82 
2852 78 55 67 43 72 79 32 33 36 63 36 37 35 22 19 31 33 29 44 41 37 45 35 41 39 44 38 25 41 84 2 2 0 5 12 13 67 89 82 34 37 36 
2851 81 89 74 4 3 7 45 89 92 72 61 59 72 64 60 43 77 73 73 68 65 37 27 17 62 68 54 61 82 76 63 62 56 46 43 48 86 91 85 47 71 58 
2850 81 85 89 62 53 32 89 78 61 82 96 76 1 3 0 18 18 40 24 27 25 23 29 22 25 26 27 27 32 25 63 71 82 26 27 25 25 30 28 31 17 11 
2853 18 26 27 36 33 31 5 5 12 67 80 93 85 77 42 89 81 38 89 92 80 39 38 32 37 27 50 35 34 29 0 0 0 3 1 2 42 39 44 
2733 0 0 0 0 0 0 4 1 0 0 1 0 1 0 1 0 1 0 1 0 0 0 0 0 0 0 1 0 0 0 
2734 2 0 1 0 0 0 1 0 0 0 0 0 2 0 1 2 0 0 0 0 0 0 1 0 1 0 0 0 0 2 
2965 67 65 57 88 90 84 73 75 56 69 81 87 68 72 1 63 74 65 16 24 23 66 41 43 70 71 56 54 49 66 85 84 81 5 14 26 57 76 77 38 49 29 
2756 90 92 65 34 35 35 19 26 23 76 75 59 24 19 13 0 1 0 4 6 14 19 14 16 57 56 31 18 30 47 84 79 35 38 39 60 75 78 74 18 18 12 
2953 92 95 94 
2741 36 26 26 
Parameter 1
Mouse s1 s2 s3 s1 s2 s3 s1 s2 s3 s1 s2 s3 s1 s2 s3 s1 s2 s3 s1 s2 s3 s1 s2 s3 s1 s2 s3 s1 s2 s3 s1 s2 s3 s1 s2 s3 s1 s2 s3 s1 s2 s3
2964 6 4 1 5 3 3 2 0 0 2 8 0 4 3 1 3 10 4 4 3 0 9 9 11 0 0 0 5 4 1 12 27 4 5 6 5 10 7 2 7 0 5 
2841 14 8 9 3 19 5 15 14 13 3 4 2 13 13 8 9 7 6 3 10 8 4 34 27 22 10 5 12 2 0 8 3 0 7 7 10 12 6 6 
2772 18 8 5 0 5 3 11 4 1 3 2 0 2 4 10 22 20 21 6 3 3 2 2 0 2 2 2 2 2 3 2 0 0 7 1 5 0 2 1 4 4 4 
2852 7 7 1 25 8 7 10 8 8 3 7 8 12 8 3 7 4 0 1 4 1 1 2 3 1 4 2 12 8 6 3 4 0 7 18 12 4 9 8 1 0 2 
2851 15 9 10 4 11 9 45 6 2 4 6 2 6 7 0 7 3 1 2 4 3 3 7 2 5 4 4 13 9 6 5 4 5 13 7 7 7 7 7 5 6 4 
2850 8 15 10 7 2 7 6 6 3 14 4 3 0 6 4 29 59 16 8 4 3 4 5 6 4 3 1 5 7 11 35 28 4 4 1 0 2 4 2 5 11 0 
2853 12 6 6 8 5 6 20 8 15 11 8 4 4 1 5 2 4 2 6 4 9 1 2 3 2 7 4 2 3 4 1 0 0 5 6 4 3 3 2 
2733 0 0 0 2 0 0 4 4 0 1 2 0 2 0 4 0 2 0 1 2 0 0 0 1 0 0 1 1 0 0 
2734 6 3 1 0 0 0 0 2 0 2 5 0 4 1 0 1 1 0 0 1 0 1 3 3 2 0 0 2 0 0 
2965 5 1 3 7 4 5 8 2 3 7 2 2 2 2 0 7 5 6 10 13 10 3 3 0 3 2 2 4 2 0 8 7 1 16 28 39 34 13 6 13 9 11 
2756 2 1 1 4 2 0 7 8 1 5 5 2 3 2 0 0 1 0 13 22 36 10 7 7 6 8 4 29 25 4 3 1 3 0 1 1 3 9 17 8 8 2 
2953 6 2 2 
2741 7 16 10 
Parameter 2
Mouse s1 s2 s3 s1 s2 s3 s1 s2 s3 s1 s2 s3 s1 s2 s3 s1 s2 s3 s1 s2 s3 s1 s2 s3 s1 s2 s3 s1 s2 s3 s1 s2 s3 s1 s2 s3 s1 s2 s3 s1 s2 s3
2964 1 5 8 33 36 50 24 5 9 9 7 16 16 19 30 10 1 7 20 25 33 25 33 37 8 82 47 40 46 46 35 12 21 40 38 42 39 37 30 45 45 42 
2841 24 30 27 13 3 8 21 20 20 28 26 31 17 14 26 24 32 32 46 41 42 46 18 23 5 5 15 7 17 35 20 20 31 9 10 23 21 40 39 
2772 3 3 5 59 54 60 7 19 36 66 64 67 39 45 39 23 16 12 27 30 55 65 69 74 64 65 69 51 60 67 60 66 70 1 4 17 68 67 73 4 3 14 
2852 15 38 32 24 20 14 58 59 56 34 57 55 53 70 78 62 63 71 55 55 62 54 63 56 60 52 60 33 29 10 45 45 49 41 34 35 29 2 10 65 63 62 
2851 4 2 16 44 39 38 6 5 6 24 33 39 22 29 40 48 20 26 25 28 32 53 57 65 33 28 42 26 9 18 32 34 39 37 43 40 7 2 8 41 23 38 
2850 11 0 1 31 45 61 5 16 36 4 0 21 48 42 47 22 5 17 57 60 62 60 59 61 61 61 62 49 46 50 2 1 14 62 64 64 57 57 58 54 55 72 
2853 33 34 35 51 56 57 29 37 33 22 12 3 11 22 53 9 13 29 5 4 11 55 56 57 33 34 27 57 57 60 48 49 49 42 44 44 52 52 52 
2733 49 49 49 48 49 49 44 46 49 48 46 49 46 49 46 49 47 49 48 48 49 49 49 48 49 49 47 48 49 49 
2734 43 47 48 49 49 49 48 48 49 48 47 49 45 49 49 47 49 49 49 48 49 48 46 47 46 49 49 48 49 45 
2965 28 34 40 5 6 11 19 23 41 24 17 11 30 26 81 30 21 29 49 49 49 31 50 53 27 27 42 40 46 34 7 9 18 36 26 18 9 11 15 42 38 51 
2756 8 7 24 51 56 58 57 54 65 19 20 39 57 66 70 49 44 49 40 28 16 40 65 59 37 36 65 20 24 25 13 20 43 56 55 39 22 13 9 44 54 60 
2953 2 3 4 
2741 34 22 45 
Parameter 3
Mouse s1 s2 s3 s1 s2 s3 s1 s2 s3 s1 s2 s3 s1 s2 s3 s1 s2 s3 s1 s2 s3 s1 s2 s3 s1 s2 s3 s1 s2 s3 s1 s2 s3 s1 s2 s3 s1 s2 s3 s1 s2 s3
2964 0 0 0 9 1 3 7 1 0 0 1 0 2 0 0 8 14 0 3 0 4 49 10 12 2 0 2 0 0 2 2 4 1 10 7 0 12 19 11 6 0 0 
2841 11 5 5 5 13 2 31 22 22 1 0 2 7 4 3 6 1 2 0 0 2 1 7 6 3 1 0 11 0 0 6 3 0 1 1 2 11 6 4 
2772 12 2 0 10 10 5 2 0 0 2 6 1 1 0 1 5 3 4 6 3 1 2 2 0 1 6 5 14 2 3 3 1 0 0 0 0 2 2 1 2 0 0 
2852 4 2 0 4 3 2 8 9 0 5 7 5 5 7 3 9 5 0 2 2 0 3 0 3 2 0 0 0 0 0 2 0 0 1 0 1 1 7 4 1 0 1 
2851 6 3 1 0 3 3 11 0 1 1 2 0 0 1 1 1 3 2 0 2 1 1 1 3 2 7 1 24 9 1 0 3 1 9 6 2 0 5 2 9 3 0 
2850 1 8 4 7 5 11 3 7 2 2 3 0 0 1 0 5 9 13 6 3 2 5 1 6 3 3 4 20 15 13 9 1 0 0 0 4 11 4 7 7 13 6 
2853 3 3 0 4 1 2 1 6 2 0 1 0 0 0 0 0 0 3 0 1 0 0 0 1 1 1 2 2 2 0 0 0 0 0 0 4 2 4 0 
2733 0 0 0 0 0 0 1 0 0 0 0 0 0 0 0 0 0 0 0 0 0 0 0 0 0 0 0 0 0 0 
2734 0 0 0 0 0 0 0 0 0 0 1 0 0 0 0 0 0 0 0 0 0 0 0 2 1 0 0 0 0 0 
2965 5 1 0 1 1 1 12 3 0 3 1 0 1 1 0 0 0 0 25 9 16 6 2 1 8 0 1 7 4 0 1 1 0 0 2 3 1 1 2 6 6 3 
2756 1 1 0 8 2 2 11 10 2 4 1 1 9 5 7 0 0 0 0 1 12 35 4 13 3 6 4 6 2 3 0 0 0 2 2 0 4 3 2 28 13 15 
2953 1 2 1 
2741 38 57 21 
Parameter 4
Mouse s1 s2 s3 s1 s2 s3 s1 s2 s3 s1 s2 s3 s1 s2 s3 s1 s2 s3 s1 s2 s3 s1 s2 s3 s1 s2 s3 s1 s2 s3 s1 s2 s3 s1 s2 s3 s1 s2 s3 s1 s2 s3
2964 28 20 10 14 5 2 9 3 3 16 21 14 13 7 7 16 8 7 6 8 9 4 6 6 3 0 11 15 5 0 3 0 15 7 10 4 10 15 26 3 6 9 
2841 23 15 8 36 16 9 30 20 9 15 21 13 31 34 18 19 20 10 0 0 0 0 1 12 18 9 18 17 12 6 17 19 14 25 28 20 14 11 13 
2772 31 20 11 0 1 2 11 13 5 1 1 3 1 1 0 0 12 13 15 15 7 2 0 1 3 0 0 7 7 0 7 0 2 56 41 20 2 1 1 23 24 8 
2852 15 12 13 5 10 16 3 1 6 20 6 7 4 0 4 2 3 5 11 7 5 9 6 9 5 17 12 11 7 22 1 0 0 0 1 23 8 24 10 13 5 4 
2851 15 20 13 0 0 2 25 22 14 11 10 6 12 7 8 5 24 10 8 2 3 2 2 0 13 13 5 21 5 8 5 5 9 8 1 8 17 22 7 7 5 3 
2850 12 10 4 5 3 1 8 8 4 14 24 5 0 0 0 15 9 36 2 4 4 1 1 1 3 1 5 1 2 3 19 2 11 5 3 6 4 5 6 2 1 1 
2853 20 6 1 2 0 1 2 0 0 11 17 24 14 10 4 11 8 3 8 12 6 3 4 2 7 1 6 4 2 0 0 0 0 0 0 0 3 3 1 
2733 0 0 0 0 0 0 0 0 0 0 0 0 2 0 0 0 0 0 0 0 0 0 0 0 0 0 1 0 0 0 
2734 0 0 4 0 0 0 1 0 0 0 0 0 0 0 1 1 0 0 0 0 0 0 1 0 0 0 0 0 0 1 
2965 12 8 10 14 19 18 7 3 3 24 7 18 3 9 0 13 17 8 0 3 7 7 3 1 26 13 14 7 7 15 30 20 27 0 3 9 33 30 25 2 3 0 
2756 22 15 4 2 3 3 0 2 2 4 16 10 2 8 3 0 0 0 0 15 3 3 1 2 10 8 7 3 2 5 18 10 6 6 4 7 10 4 11 0 2 6 
2953 11 10 21 
2741 10 2 7 
Parameter 5
Mouse s1 s2 s3 s1 s2 s3 s1 s2 s3 s1 s2 s3 s1 s2 s3 s1 s2 s3 s1 s2 s3 s1 s2 s3 s1 s2 s3 s1 s2 s3 s1 s2 s3 s1 s2 s3 s1 s2 s3 s1 s2 s3
2964 1 1 0 8 1 4 7 0 0 1 4 0 4 1 3 5 18 0 6 4 4 57 12 12 3 0 2 10 5 1 31 60 16 11 5 2 36 23 21 60 5 3 
2841 24 14 10 4 31 7 64 32 33 2 2 5 23 18 8 21 13 10 4 15 35 7 140 104 51 23 14 19 2 0 12 6 3 19 7 25 18 16 16 
2772 25 6 4 9 11 4 15 5 0 6 8 1 3 1 24 84 47 29 16 7 0 1 3 3 2 4 4 45 1 4 4 0 1 2 2 3 0 5 4 6 2 3 
2852 7 7 0 28 12 7 12 12 5 11 8 13 7 8 6 11 5 0 1 6 4 3 0 1 3 0 0 18 9 2 13 4 0 24 41 20 5 8 7 2 0 1 
2851 22 18 7 2 23 20 114 8 4 5 10 4 6 5 0 16 3 3 1 3 4 15 18 27 4 8 8 58 29 4 7 7 9 21 12 12 4 8 8 22 9 12 
2850 5 25 8 23 12 19 9 16 14 11 4 2 1 18 1 83 238 32 6 2 3 11 4 5 7 1 1 36 23 25 44 11 4 4 0 0 24 7 8 18 14 7 
2853 45 7 8 10 4 4 148 70 80 10 2 1 2 1 4 1 0 9 6 8 7 2 0 0 9 9 5 2 1 3 0 0 2 5 25 26 3 3 4 
2733 0 0 0 2 0 0 7 25 0 0 21 0 1 0 5 0 1 0 0 0 0 0 0 4 0 0 0 42 0 0 
2734 4 4 1 0 0 0 0 3 0 4 3 0 1 1 0 0 0 0 0 0 0 0 3 4 22 2 0 0 0 0 
2965 19 2 2 31 9 6 30 8 3 27 5 3 9 10 2 24 12 12 66 44 40 23 16 8 12 1 4 15 14 13 4 7 1 24 74 78 59 9 4 35 37 37 
2756 3 1 3 22 1 0 19 8 7 12 2 0 23 5 4 0 0 0 21 79 119 86 16 14 10 11 19 114 75 7 2 0 0 4 2 0 1 15 24 90 50 33 
2953 9 1 0 
2741 53 101 39 
Parameter 6
Mouse s1 s2 s3 s1 s2 s3 s1 s2 s3 s1 s2 s3 s1 s2 s3 s1 s2 s3 s1 s2 s3 s1 s2 s3 s1 s2 s3 s1 s2 s3 s1 s2 s3 s1 s2 s3 s1 s2 s3 s1 s2 s3
2964 168 111 116 163 149 106 26 3 11 129 112 103 128 108 98 176 151 125 129 124 116 108 95 84 18 0 15 184 68 33 100 146 136 142 123 114 113 60 22 135 144 141 
2841 140 140 143 141 115 111 102 114 120 182 166 156 146 142 129 148 143 147 112 107 55 13 58 94 147 134 97 105 100 78 172 159 177 134 121 132 94 96 79 
2772 197 154 150 99 83 75 155 126 106 69 66 77 91 82 50 116 135 144 158 142 100 85 95 44 85 79 45 100 88 59 100 83 55 146 139 127 70 71 41 169 149 126 
2852 113 104 88 104 118 112 85 84 89 130 85 78 74 54 46 96 111 82 129 118 115 120 100 120 115 116 120 70 101 150 76 100 16 96 58 28 114 103 102 102 112 113 
2851 148 141 119 108 105 39 156 196 165 184 156 154 152 139 128 131 175 171 165 149 165 101 83 70 148 166 153 180 163 150 156 149 151 139 117 129 143 123 117 132 192 157 
2850 196 141 157 170 146 111 152 172 133 215 185 175 50 191 56 208 126 132 97 101 91 107 95 96 117 112 119 123 118 85 157 129 150 98 100 96 106 106 104 117 94 55 
2853 50 56 52 76 58 56 52 16 30 92 98 107 123 143 69 103 91 67 122 120 108 88 87 69 81 48 75 71 78 57 87 30 7 147 23 11 98 90 99 
2733 13 22 12 220 42 50 64 159 5 26 12 6 31 63 19 51 142 11 68 86 14 31 20 56 32 26 23 49 13 24 
2734 61 14 33 42 6 12 23 4 3 15 29 3 66 23 26 42 35 15 30 71 4 67 69 10 70 25 8 13 18 29 
2965 172 161 139 117 120 140 142 151 132 125 114 121 163 173 4 124 141 141 70 56 44 158 119 98 180 204 158 134 127 179 124 123 111 92 80 106 124 122 144 84 97 66 
2756 180 183 125 83 81 70 64 66 53 145 146 104 75 60 41 59 37 10 86 50 73 59 56 48 111 103 64 67 96 111 132 128 58 89 96 125 189 143 127 72 46 33 
2953 114 102 103 
2741 87 61 51 
Parameter 7
Mouse s1 s2 s3 s1 s2 s3 s1 s2 s3 s1 s2 s3 s1 s2 s3 s1 s2 s3 s1 s2 s3 s1 s2 s3 s1 s2 s3 s1 s2 s3 s1 s2 s3 s1 s2 s3 s1 s2 s3 s1 s2 s3
2964 128 116 92 98 71 54 41 6 9 108 119 98 103 89 80 119 139 100 95 87 84 155 90 86 17 0 18 36 16 8 64 136 106 83 84 64 109 89 75 116 66 70 
2841 133 104 96 132 157 110 183 145 135 90 97 89 144 142 103 119 102 90 9 26 47 12 193 163 167 128 107 140 97 71 115 108 86 136 126 119 122 93 94 
2772 165 125 110 45 54 41 121 99 69 31 37 27 11 9 38 131 124 124 110 95 53 29 24 16 32 31 24 100 40 27 45 25 19 157 139 106 24 28 19 127 123 97 
2852 111 83 81 105 105 111 65 63 55 102 64 70 63 45 35 60 50 34 59 60 47 61 43 57 50 65 52 66 65 114 21 10 0 37 72 69 85 137 111 51 42 44 
2851 139 139 105 10 40 41 240 125 113 93 89 71 96 84 69 72 110 89 84 79 76 58 55 49 86 100 72 177 134 95 80 81 80 97 69 77 114 133 109 90 94 77 
2850 107 143 115 104 75 70 115 115 84 123 131 86 2 28 5 150 333 137 46 40 37 44 40 40 42 34 38 89 79 77 170 113 101 39 31 35 66 50 51 63 56 25 
2853 98 48 42 60 43 44 176 89 109 99 108 122 105 89 55 103 93 55 109 117 102 45 44 38 56 45 67 45 42 36 1 0 2 13 32 36 53 52 51 
2733 0 0 0 4 0 0 16 30 0 1 24 0 6 0 10 0 4 0 2 2 0 0 0 5 0 0 3 43 0 0 
2734 12 7 7 0 0 0 2 5 0 6 9 0 7 2 2 4 1 0 0 1 0 1 8 9 26 2 0 2 0 3 
2965 108 77 72 141 123 114 130 91 65 130 96 110 83 94 3 107 108 91 117 93 96 105 65 53 119 87 77 87 76 94 128 119 110 45 121 155 184 129 114 94 104 80 
2756 118 110 73 70 43 40 56 54 35 101 99 72 61 39 27 0 2 0 38 123 184 153 42 52 86 89 65 170 134 66 107 90 44 50 48 68 93 109 128 144 91 68 
2953 119 110 118 
2741 144 202 103 
Parameter 8
Mouse s1 s2 s3 s1 s2 s3 s1 s2 s3 s1 s2 s3 s1 s2 s3 s1 s2 s3 s1 s2 s3 s1 s2 s3 s1 s2 s3 s1 s2 s3 s1 s2 s3 s1 s2 s3 s1 s2 s3 s1 s2 s3
2964 0 0 0 9.18 1.41 5.56 17.07 16.67 0 0 0.84 0 1.94 0 0 6.72 10.07 0 3.16 0 4.76 31.82 11.11 13.95 11.76 0 11.11 0 0 25 3.23 2.94 0.94 12.05 8.33 0 11.01 21.35 14.67 5.17 0 0 
2841 8.27 4.81 5.21 3.79 8.28 1.82 16.94 15.17 16.3 1.11 0 2.25 4.93 2.82 2.91 5.04 0.98 2.22 0 0 4.26 8.33 3.68 3.68 1.81 0.79 0 7.86 0 0 5.22 2.78 0 0.74 0.79 1.68 9.02 6.45 4.26 
2772 7.27 1.6 0 22.22 18.52 12.2 1.65 0 0 6.45 16.22 3.7 9.09 0 2.63 3.82 2.42 3.23 5.45 3.16 1.89 6.9 8.33 0 3.13 19.35 20.83 14 5 11.11 6.67 4 0 0 0 0 8.33 7.14 5.26 1.57 0 0 
2852 3.6 2.41 0 3.81 2.86 1.8 12.31 14.29 0 4.9 11.11 7.14 7.94 15.56 8.57 15 10 0 3.39 3.33 0 4.92 0 5.26 4 0 0 0 0 0 9.52 0 0 2.7 0 1.45 1.18 5.11 3.6 1.96 0 2.27 
2851 4.32 2.16 0.95 0 7.5 7.32 4.58 0 0.88 1.08 2.25 0 0 1.19 1.45 1.39 2.73 2.25 0 2.53 1.32 1.72 1.85 6.12 2.33 7 1.41 13.56 6.72 1.05 0 3.7 1.25 9.28 8.82 2.6 0 3.76 1.83 10 3.19 0 
2850 0.93 5.59 3.48 6.73 6.67 15.71 2.61 6.09 2.38 1.63 2.29 0 0 3.57 0 3.38 2.71 9.49 13.04 7.5 5.41 11.36 2.5 15 7.14 8.82 10.53 22.47 18.99 16.88 5.29 0.88 0 0 0 11.43 16.67 8 13.73 11.11 23.21 24 
2853 3.06 6.25 0 6.67 2.33 4.55 0.58 8.11 1.83 0 0.93 0 0 0 0 0 0 5.45 0 0.86 0 0 0 2.63 1.79 2.27 2.99 4.44 4.76 0 0 0 0 0 0 11.11 3.77 7.69 0 
2733 0 0 0 0 0 0 6.25 0 0 0 0 0 0 0 0 0 0 0 0 0 0 0 0 0 0 0 0 0 0 0 
2734 0 0 0 0 0 0 0 0 0 0 11.11 0 0 0 0 0 0 0 0 0 0 0 0 22.22 3.85 0 0 0 0 0 
2965 4.63 1.3 0 0.71 0.81 0.88 9.23 3.3 0 2.31 1.04 0 1.2 1.06 0 0 0 0 21.37 9.68 16.67 5.71 3.08 1.89 6.72 0 1.3 8.05 5.26 0 0.78 0.84 0 0 1.65 1.94 0.54 0.78 1.75 6.38 5.77 3.75 
2756 0.85 0.91 0 11.59 4.65 5 19.64 18.52 5.71 3.96 1.01 1.39 14.75 12.82 25.93 0 0 0 0 0.88 6.52 23.03 9.52 25 3.49 6.74 6.15 3.53 1.49 4.55 0 0 0 4 4.17 0 4.3 2.75 1.56 19.44 14.29 22.06 
2953 0.84 1.82 0.85 
2741 26.39 28.22 20.39 
Parameter 9
Mouse s1 s2 s3 s1 s2 s3 s1 s2 s3 s1 s2 s3 s1 s2 s3 s1 s2 s3 s1 s2 s3 s1 s2 s3 s1 s2 s3 s1 s2 s3 s1 s2 s3 s1 s2 s3 s1 s2 s3 s1 s2 s3
2964 21.88 17.24 10.87 14.29 7.04 3.7 21.95 50 33.33 14.81 17.65 14.29 12.62 7.87 8.75 13.45 5.76 7 6.32 9.2 10.71 2.6 6.67 6.98 17.65 0 61.11 41.67 31.25 0 4.84 0 14.15 8.43 11.9 6.25 9.17 16.85 34.67 2.59 9.09 12.86 
2841 17.29 14.42 8.33 27.27 10.19 8.18 16.39 13.79 6.67 16.67 21.65 14.61 21.83 23.94 17.48 15.97 19.61 11.11 0 0 0 0 0.53 7.36 10.84 7.09 16.82 12.14 12.37 8.45 14.78 17.59 16.28 18.38 22.22 16.81 11.48 11.83 13.83 
2772 18.79 16 10 0 1.85 4.88 9.09 13.13 7.25 3.23 2.7 11.11 9.09 11.11 0 0 9.68 10.48 13.64 15.79 13.21 6.9 0 6.25 9.38 0 0 7 17.5 0 15.56 0 10.53 35.67 29.5 18.87 8.33 3.57 5.26 18.11 19.51 8.25 
2852 13.51 14.46 16.05 4.76 9.52 14.41 4.62 1.59 10.91 19.61 9.52 10 6.35 0 11.43 3.33 6 14.71 18.64 11.67 10.64 14.75 13.95 15.79 10 26.15 23.08 16.67 10.77 19.3 4.76 0 0 0 1.39 33.33 9.41 17.52 9.01 25.49 11.9 9.09 
2851 10.79 14.39 12.38 0 0 4.88 10.42 17.6 12.39 11.83 11.24 8.45 12.5 8.33 11.59 6.94 21.82 11.24 9.52 2.53 3.95 3.45 3.7 0 15.12 13 7.04 11.86 3.73 8.42 6.25 6.17 11.25 8.25 1.47 10.39 14.91 16.54 6.42 7.78 5.32 3.9 
2850 11.21 6.99 3.48 4.81 4 1.43 6.96 6.96 4.76 11.38 18.32 5.81 0 0 0 10.14 2.71 26.28 4.35 10 10.81 2.27 2.5 2.5 7.14 2.94 13.16 1.12 2.53 3.9 11.18 1.77 10.89 12.82 9.68 17.14 6.06 10 11.76 3.17 1.79 4 
2853 20.41 12.5 2.38 3.33 0 2.27 1.16 0 0 11.11 15.74 19.67 13.33 11.24 7.27 10.68 8.6 5.45 7.34 10.34 5.88 6.67 9.09 5.26 12.5 2.27 8.96 8.89 4.76 0 0 0 0 0 0 0 5.66 5.77 1.96 
2733 0 0 0 0 0 0 0 0 0 0 0 0 33.33 0 0 0 0 0 0 0 0 0 0 0 0 0 33.33 0 0 0 
2734 0 0 57.14 0 0 0 50 0 0 0 0 0 0 0 50 25 0 0 0 0 0 0 12.5 0 0 0 0 0 0 33.33 
2965 11.11 10.39 13.89 9.93 15.45 15.79 5.38 3.3 4.62 18.46 7.29 16.36 3.61 9.57 0 12.15 15.74 8.79 0 3.23 7.29 6.67 4.62 1.89 21.85 14.94 18.18 8.05 9.21 15.96 23.44 16.81 24.55 0 2.48 5.81 17.93 23.26 21.93 2.13 2.88 0 
2756 18.64 13.64 5.48 2.9 6.98 7.5 0 3.7 5.71 3.96 16.16 13.89 3.28 20.51 11.11 0 0 0 0 13.16 1.63 1.97 2.38 3.85 11.63 8.99 10.77 1.76 1.49 7.58 16.82 11.11 13.64 12 8.33 10.29 10.75 3.67 8.59 0 2.2 8.82 
2953 9.24 9.09 17.8 
2741 6.94 0.99 6.8 
Parameter 10
Mouse s1 s2 s3 s1 s2 s3 s1 s2 s3 s1 s2 s3 s1 s2 s3 s1 s2 s3 s1 s2 s3 s1 s2 s3 s1 s2 s3 s1 s2 s3 s1 s2 s3 s1 s2 s3 s1 s2 s3 s1 s2 s3
2964 93 91 90 62 61 44.21 38.1 28.57 40 89 85 84 80 78 69 87 89 89 76 72 67 51.43 55.79 48.39 52.94 0 6 11.76 3.85 7.84 25.4 53.57 73.68 52.63 56 53 45.56 36.23 31.91 43.48 55 53 
2841 61.62 62 64 84 78 87 54.43 62.64 63.74 69 70 67 70 73 66 65.98 61 62 3.92 1.92 3.85 0 17.46 21.88 73 85 77.78 81 81 65 72 77 69 84 83 65.26 67 54 55 
2772 79 89 90 30.59 31.4 30 82 77 63 21.59 23.26 24.72 8.89 5.77 5.77 30.77 53.85 63.33 67 67 42 24.72 19.32 13.95 26.67 22.09 15.48 37.65 31.11 19.54 31.87 26.67 18.6 92 95 78 22.73 20.69 13.95 92 93 82 
2852 78 55 67 46.74 72 79 32 33 36 63 36 37 35 22 19 31 33 29 44 41 37 45 35 41 39 44 38 35.71 52.56 84 4 3.92 0 9.43 18.75 21.67 67 89 82 34 37 36 
2851 81 89 74 7.69 5.66 12.96 46.88 89 92 72 61 59 72 64 60 43.88 77 73 73 68 65 39.78 29.67 20.24 62 68 54 61 82 76 63 62 56 47.92 46.24 50.53 86 91 85 50.54 71 58 
2850 81 85 89 62 53 32 89 78 61 82 96 76 2.04 5.88 0 26.09 21.95 54.79 26.97 29.67 27.78 26.44 31.18 24.72 27.78 28.89 30 33.33 37.65 29.07 63 71 82 28.26 29.35 28.09 29.76 32.97 31.82 34.44 20.48 13.25 
2853 28.57 39.39 39.71 37.89 35.11 32.98 9.26 10 20 67 80 93 85 77 42 89 82.65 55.07 89 92 80 41.05 39.58 34.78 51.39 39.71 61.73 37.23 36.17 31.18 0 0 0 6 1.96 4 43.3 41.49 44.9 
2733 0 0 0 0 0 0 7.69 1.96 0 0 2.04 0 2.04 0 1.96 0 2 0 2 0 0 0 0 0 0 0 2.04 0 0 0 
2734 3.92 0 2 0 0 0 2.04 0 0 0 0 0 3.92 0 2 4 0 0 0 0 0 0 2 0 2.04 0 0 0 0 4.26 
2965 67 65 57 88 90 84 73 75 56 69 81 87 68 72 1.22 63 74 65 21.33 27.91 28.05 66 43.62 44.79 70 71 56 55.1 50.52 66 85 84 81 8.77 20.59 31.33 57 76 78.57 40.86 51.04 31.87 
2756 90 92 72.22 38.2 37.63 37.63 22.89 29.55 25.84 76 75 59 28.57 21.84 15.66 0 2.17 0 7.02 10.71 21.21 27.54 16.28 19.51 57 56 31 26.87 37.97 61.84 84 79 43.21 40.43 41.05 60 75 78 74 25.71 22.5 16.22 
2953 92 95 94 
2741 46.75 40.63 32.1 
Parameter 11
Mouse s1 s2 s3 s1 s2 s3 s1 s2 s3 s1 s2 s3 s1 s2 s3 s1 s2 s3 s1 s2 s3 s1 s2 s3 s1 s2 s3 s1 s2 s3 s1 s2 s3 s1 s2 s3 s1 s2 s3 s1 s2 s3
2964 6 4 1.11 5 3 3.16 4.76 0 0 2 8 0 4 3 1 3 10 4 4 3 0 12.86 9.47 11.83 0 0 0 9.8 7.69 1.96 19.05 32.14 4.21 5.26 6 5 11.11 10.14 4.26 7.61 0 5 
2841 14.14 8 9 3 19 5 18.99 15.38 14.29 3 4 2 13 13 8 9.28 7 6 5.88 19.23 15.38 8 53.97 42.19 22 10 5.56 12 2 0 8 3 0 7 7 10.53 12 6 6 
2772 18 8 5 0 5.81 3.33 11 4 1 3.41 2.33 0 4.44 7.69 19.23 33.85 25.64 23.33 6 3 3 2.25 2.27 0 2.22 2.33 2.38 2.35 2.22 3.45 2.2 0 0 7 1 5 0 2.3 1.16 4 4 4 
2852 7 7 1 27.17 8 7 10 8 8 3 7 8 12 8 3 7 4 0 1 4 1 1 2 3 1 4 2 17.14 10.26 6 6 7.84 0 13.21 28.13 20 4 9 8 1 0 2 
2851 15 9 10 7.69 20.75 16.67 46.88 6 2 4 6 2 6 7 0 7.14 3 1 2 4 3 3.23 7.69 2.38 5 4 4 13 9 6 5 4 5 13.54 7.53 7.37 7 7 7 5.38 6 4 
2850 8 15 10 7 2 7 6 6 3 14 4 3 0 11.76 7.84 42.03 71.95 21.92 8.99 4.4 3.33 4.6 5.38 6.74 4.44 3.33 1.11 6.17 8.24 12.79 35 28 4 4.35 1.09 0 2.38 4.4 2.27 5.56 13.25 0 
2853 19.05 9.09 8.82 8.42 5.32 6.38 37.04 16 25 11 8 4 4 1 5 2 4.08 2.9 6 4 9 1.05 2.08 3.26 2.78 10.29 4.94 2.13 3.19 4.3 2.04 0 0 10 11.76 8 3.09 3.19 2.04 
2733 0 0 0 4 0 0 7.69 7.84 0 2.04 4.08 0 4.08 0 7.84 0 4 0 2 4 0 0 0 2.04 0 0 2.04 2.04 0 0 
2734 11.76 6 2 0 0 0 0 4 0 4 9.62 0 7.84 2 0 2 2 0 0 2.04 0 2.04 6 6 4.08 0 0 4 0 0 
2965 5 1 3 7 4 5 8 2 3 7 2 2 2 2 0 7 5 6 13.33 15.12 12.2 3 3.19 0 3 2 2 4.08 2.06 0 8 7 1 28.07 41.18 46.99 34 13 6.12 13.98 9.38 12.09 
2756 2 1 1.11 4.49 2.15 0 8.43 9.09 1.12 5 5 2 3.57 2.3 0 0 2.17 0 22.81 39.29 54.55 14.49 8.14 8.54 6 8 4 43.28 31.65 5.26 3 1 3.7 0 1.05 1 3 9 17 11.43 10 2.7 
2953 6 2 2 
2741 9.09 25 12.35 
Parameter 12
Mouse s1 s2 s3 s1 s2 s3 s1 s2 s3 s1 s2 s3 s1 s2 s3 s1 s2 s3 s1 s2 s3 s1 s2 s3 s1 s2 s3 s1 s2 s3 s1 s2 s3 s1 s2 s3 s1 s2 s3 s1 s2 s3
2964 1 5 8.89 33 36 52.63 57.14 71.43 60 9 7 16 16 19 30 10 1 7 20 25 33 35.71 34.74 39.78 47.06 100 94 78.43 88.46 90.2 55.56 14.29 22.11 42.11 38 42 43.33 53.62 63.83 48.91 45 42 
2841 24.24 30 27 13 3 8 26.58 21.98 21.98 28 26 31 17 14 26 24.74 32 32 90.2 78.85 80.77 92 28.57 35.94 5 5 16.67 7 17 35 20 20 31 9 10 24.21 21 40 39 
2772 3 3 5 69.41 62.79 66.67 7 19 36 75 74.42 75.28 86.67 86.54 75 35.38 20.51 13.33 27 30 55 73.03 78.41 86.05 71.11 75.58 82.14 60 66.67 77.01 65.93 73.33 81.4 1 4 17 77.27 77.01 84.88 4 3 14 
2852 15 38 32 26.09 20 14 58 59 56 34 57 55 53 70 78 62 63 71 55 55 62 54 63 56 60 52 60 47.14 37.18 10 90 88.24 100 77.36 53.13 58.33 29 2 10 65 63 62 
2851 4 2 16 84.62 73.58 70.37 6.25 5 6 24 33 39 22 29 40 48.98 20 26 25 28 32 56.99 62.64 77.38 33 28 42 26 9 18 32 34 39 38.54 46.24 42.11 7 2 8 44.09 23 38 
2850 11 0 1 31 45 61 5 16 36 4 0 21 97.96 82.35 92.16 31.88 6.1 23.29 64.04 65.93 68.89 68.97 63.44 68.54 67.78 67.78 68.89 60.49 54.12 58.14 2 1 14 67.39 69.57 71.91 67.86 62.64 65.91 60 66.27 86.75 
2853 52.38 51.52 51.47 53.68 59.57 60.64 53.7 74 55 22 12 3 11 22 53 9 13.27 42.03 5 4 11 57.89 58.33 61.96 45.83 50 33.33 60.64 60.64 64.52 97.96 100 100 84 86.27 88 53.61 55.32 53.06 
2733 100 100 100 96 100 100 84.62 90.2 100 97.96 93.88 100 93.88 100 90.2 100 94 100 96 96 100 100 100 97.96 100 100 95.92 97.96 100 100 
2734 84.31 94 96 100 100 100 97.96 96 100 96 90.38 100 88.24 98 98 94 98 100 100 97.96 100 97.96 92 94 93.88 100 100 96 100 95.74 
2965 28 34 40 5 6 11 19 23 41 24 17 11 30 26 98.78 30 21 29 65.33 56.98 59.76 31 53.19 55.21 27 27 42 40.82 47.42 34 7 9 18 63.16 38.24 21.69 9 11 15.31 45.16 39.58 56.04 
2756 8 7 26.67 57.3 60.22 62.37 68.67 61.36 73.03 19 20 39 67.86 75.86 84.34 100 95.65 100 70.18 50 24.24 57.97 75.58 71.95 37 36 65 29.85 30.38 32.89 13 20 53.09 59.57 57.89 39 22 13 9 62.86 67.5 81.08 
2953 2 3 4 
2741 44.16 34.38 55.56 
Parameter 13
Mouse s1 s2 s3 s1 s2 s3 s1 s2 s3 s1 s2 s3 s1 s2 s3 s1 s2 s3 s1 s2 s3 s1 s2 s3 s1 s2 s3 s1 s2 s3 s1 s2 s3 s1 s2 s3 s1 s2 s3 s1 s2 s3
2964 93.94 95.79 98.78 92.54 95.31 93.33 88.89 100 100 97.8 91.4 100 95.24 96.3 98.57 96.67 89.9 95.7 95 96 100 80 85.48 80.36 100 0 100 54.55 33.33 80 57.14 62.5 94.59 90.91 90.32 91.38 80.39 78.13 88.24 85.11 100 91.38 
2841 81.33 88.57 87.67 96.55 80.41 94.57 74.14 80.28 81.69 95.83 94.59 97.1 84.34 84.88 89.19 87.67 89.71 91.18 40 9.09 20 0 24.44 34.15 76.84 89.47 93.33 87.1 97.59 100 90 96.25 100 92.31 92.22 86.11 84.81 90 90.16 
2772 81.44 91.75 94.74 100 84.38 90 88.17 95.06 98.44 86.36 90.91 100 66.67 42.86 23.08 47.62 67.74 73.08 91.78 95.71 93.33 91.67 89.47 100 92.31 90.48 86.67 94.12 93.33 85 93.55 100 100 92.93 98.96 93.98 100 90 92.31 95.83 95.88 95.35 
2852 91.76 88.71 98.53 63.24 90 91.86 76.19 80.49 81.82 95.45 83.72 82.22 74.47 73.33 86.36 81.58 89.19 100 97.78 91.11 97.37 97.83 94.59 93.18 97.5 91.67 95 67.57 83.67 93.33 40 33.33 0 41.67 40 52 94.37 90.82 91.11 97.14 100 94.74 
2851 84.38 90.82 88.1 50 21.43 43.75 50 93.68 97.87 94.74 91.04 96.72 92.31 90.14 100 86 96.25 98.65 97.33 94.44 95.59 92.5 79.41 89.47 92.54 94.44 93.1 82.43 90.11 92.68 92.65 93.94 91.8 77.97 86 87.27 92.47 92.86 92.39 90.38 92.21 93.55 
2850 91.01 85 89.9 89.86 96.36 82.05 93.68 92.86 95.31 85.42 96 96.2 100 33.33 0 38.3 23.38 71.43 75 87.1 89.29 85.19 85.29 78.57 86.21 89.66 96.43 84.38 82.05 69.44 64.29 71.72 95.35 86.67 96.43 100 92.59 88.24 93.33 86.11 60.71 100 
2853 60 81.25 81.82 81.82 86.84 83.78 20 38.46 44.44 85.9 90.91 95.88 95.51 98.72 89.36 97.8 95.29 95 93.68 95.83 89.89 97.5 95 91.43 94.87 79.41 92.59 94.59 91.89 87.88 0 0 0 37.5 14.29 33.33 93.33 92.86 95.65 
2733 0 0 0 0 0 0 50 20 0 0 33.33 0 33.33 0 20 0 33.33 0 50 0 0 0 0 0 0 0 50 0 0 0 
2734 25 0 50 0 0 0 100 0 0 0 0 0 33.33 0 100 66.67 0 0 0 0 0 0 25 0 33.33 0 0 0 0 100 
2965 93.06 98.48 95 92.63 95.74 94.38 90.12 97.4 94.92 90.79 97.59 97.75 97.14 97.3 100 90 93.67 91.55 61.54 64.86 69.7 95.65 93.18 100 95.89 97.26 96.55 93.1 96.08 100 91.4 92.31 98.78 23.81 33.33 40 62.64 85.39 92.77 74.51 84.48 72.5 
2756 97.83 98.92 98.48 89.47 94.59 100 73.08 76.47 95.83 93.83 93.75 96.72 88.89 90.48 100 0 50 0 23.53 21.43 28 65.52 66.67 69.57 90.48 87.5 88.57 38.3 54.55 92.16 96.55 98.75 92.11 100 97.5 98.36 96.15 89.66 81.32 69.23 69.23 85.71 
2953 93.88 97.94 97.92 
2741 83.72 61.9 72.22 
Parameter 14
Mouse s1 s2 s3 s1 s2 s3 s1 s2 s3 s1 s2 s3 s1 s2 s3 s1 s2 s3 s1 s2 s3 s1 s2 s3 s1 s2 s3 s1 s2 s3 s1 s2 s3 s1 s2 s3 s1 s2 s3 s1 s2 s3
2964 100 100 90 100 100 95 42 7 15 100 100 100 100 100 100 100 100 100 100 100 100 70 95 93 17 82 50 51 52 51 63 84 95 95 100 100 90 69 47 92 100 100 
2841 99 100 100 100 100 100 79 91 91 100 100 100 100 100 100 97 100 100 51 52 52 50 63 64 100 100 90 100 100 100 100 100 100 100 100 95 100 100 100 
2772 100 100 100 85 86 90 100 100 100 88 86 89 45 52 52 65 78 90 100 100 100 89 88 86 90 86 84 85 90 87 91 90 86 100 100 100 88 87 86 100 100 100 
2852 100 100 100 92 100 100 100 100 100 100 100 100 100 100 100 100 100 100 100 100 100 100 100 100 100 100 100 70 78 100 50 51 49 53 64 60 100 100 100 100 100 100 
2851 100 100 100 52 53 54 96 100 100 100 100 100 100 100 100 98 100 100 100 100 100 93 91 84 100 100 100 100 100 100 100 100 100 96 93 95 100 100 100 93 100 100 
2850 100 100 100 100 100 100 100 100 100 100 100 100 49 51 51 69 82 73 89 91 90 87 93 89 90 90 90 81 85 86 100 100 100 92 92 89 84 91 88 90 83 83 
2853 63 66 68 95 94 94 54 50 60 100 100 100 100 100 100 100 98 69 100 100 100 95 96 92 72 68 81 94 94 93 49 49 49 50 51 50 97 94 98 
2733 49 49 49 50 49 49 52 51 49 49 49 49 49 49 51 49 50 49 50 50 49 49 49 49 49 49 49 49 49 49 
2734 51 50 50 49 49 49 49 50 49 50 52 49 51 50 50 50 50 49 49 49 49 49 50 50 49 49 49 50 49 47 
2965 100 100 100 100 100 100 100 100 100 100 100 100 100 100 82 100 100 100 75 86 82 100 94 96 100 100 100 98 97 100 100 100 100 57 68 83 100 100 98 93 96 91 
2756 100 100 90 89 93 93 83 88 89 100 100 100 84 87 83 49 46 49 57 56 66 69 86 82 100 100 100 67 79 76 100 100 81 94 95 100 100 100 100 70 80 74 
2953 100 100 100 
2741 77 64 81 
